grad =

   0.0003964
   0.0000000
   0.0000000
  -0.0000000
   0.0000000
   0.0000000
  -0.0000002
   0.0000026
   0.0000010
  -0.0000001
  -0.0000001
  -0.0000000
   0.0000000
   0.0000000
  -0.0000000
  -0.0000001
  -0.0000001
  -0.0000000
   0.0000000
  -0.0000000
   0.0000000
  -0.0000000
  -0.0000000
   0.0000000
  -0.0000003
  -0.0000003
  -0.0000004
   0.0000036
   0.0000016
   0.0000002
   0.0000009
   0.0000001
   0.0000000
   0.0000000
   0.0000000
   0.0000006
   0.0000006
  -0.0000004
  -0.0000005
  -0.0000001
  -0.0000001
   0.0000000
   0.0000000
  -0.0000000
  -0.0000006
  -0.0000008
  -0.0000017
  -0.0000045
   0.0000014
   0.0000052
   0.0000034
   0.0000033
  -0.0000003
  -0.0000014
  -0.0000031
   0.0000038
   0.0000040
  -0.0000006
  -0.0000035
   0.0000003
   0.0000002
   0.0000000
  -0.0000000
  -0.0000004
   0.0000044
   0.0000132
   0.0000424
   0.0000578
   0.0000224
   0.0000274
  -0.0000067
  -0.0000254
  -0.0000002
   0.0000068
   0.0000587
   0.0000256
   0.0000399
   0.0000710
   0.0000793
   0.0000130
   0.0000048
   0.0000000
  -0.0000001
   0.0000060
  -0.0000419
  -0.0001125
   0.0000912
   0.0000985
  -0.0000693
  -0.0001467
  -0.0001770
  -0.0000534
   0.0000140
   0.0001210
   0.0002839
   0.0001458
  -0.0001480
   0.0000160
   0.0001399
   0.0000476
   0.0000112
  -0.0000000
   0.0000019
  -0.0000006
  -0.0002002
  -0.0002375
  -0.0000860
   0.0000127
  -0.0001031
  -0.0003222
  -0.0002176
   0.0000250
   0.0000738
   0.0001128
   0.0004046
   0.0004396
   0.0000225
   0.0003156
   0.0005349
   0.0001470
   0.0000025
   0.0000000
   0.0000001
   0.0000509
  -0.0000746
  -0.0001881
  -0.0000708
  -0.0001048
  -0.0000851
  -0.0001473
   0.0000040
   0.0000828
   0.0000974
   0.0001131
   0.0004838
   0.0007608
   0.0007698
   0.0007738
   0.0005386
   0.0001735
  -0.0000048
   0.0000000
  -0.0000025
   0.0001237
   0.0001006
  -0.0001586
  -0.0002677
  -0.0004133
  -0.0002435
  -0.0001747
   0.0002663
   0.0001496
   0.0000154
   0.0003860
   0.0005077
   0.0001901
   0.0001729
   0.0002813
   0.0002170
   0.0002377
   0.0000088
  -0.0000006
   0.0000085
   0.0000170
  -0.0000377
   0.0000021
  -0.0001185
  -0.0004212
  -0.0004440
  -0.0004453
  -0.0002251
  -0.0004300
  -0.0001016
   0.0005428
   0.0003883
  -0.0005626
  -0.0010056
  -0.0006750
   0.0000465
   0.0003163
   0.0000580
  -0.0000010
   0.0000174
  -0.0001035
  -0.0002467
  -0.0001140
  -0.0001011
  -0.0000215
  -0.0002349
  -0.0007470
  -0.0008433
  -0.0003072
   0.0003355
   0.0002895
  -0.0004896
  -0.0011526
  -0.0012035
  -0.0008946
  -0.0000393
   0.0002054
   0.0000116
  -0.0000004
   0.0000132
  -0.0001979
  -0.0006165
  -0.0007107
  -0.0008171
  -0.0006445
  -0.0006092
  -0.0008910
  -0.0006069
  -0.0000234
  -0.0000855
  -0.0004186
  -0.0009655
  -0.0010309
  -0.0008073
  -0.0003479
   0.0002492
   0.0001560
  -0.0000035
  -0.0000002
   0.0000263
  -0.0002722
  -0.0013295
  -0.0014194
  -0.0010374
  -0.0008395
  -0.0007964
  -0.0004575
  -0.0003573
  -0.0007180
  -0.0010703
  -0.0008288
  -0.0008436
  -0.0009144
  -0.0006811
  -0.0003530
   0.0002160
   0.0001545
   0.0000132
  -0.0000014
   0.0000217
  -0.0000066
  -0.0004766
  -0.0005686
  -0.0001291
  -0.0000777
   0.0000954
   0.0000243
  -0.0003755
  -0.0009222
  -0.0009574
  -0.0007385
  -0.0008217
  -0.0008391
  -0.0006527
  -0.0006537
  -0.0001547
   0.0000499
   0.0000084
  -0.0000013
   0.0000125
   0.0000827
   0.0001651
   0.0002735
   0.0003156
   0.0006856
   0.0006640
   0.0001496
   0.0001302
   0.0001173
   0.0000405
  -0.0002451
  -0.0006186
  -0.0007195
  -0.0003594
  -0.0003606
  -0.0001791
   0.0000067
  -0.0000001
  -0.0000002
  -0.0000036
   0.0000525
   0.0003968
   0.0006292
   0.0007172
   0.0007999
   0.0004409
   0.0002847
   0.0002668
   0.0001734
   0.0001332
  -0.0000440
  -0.0004485
  -0.0002564
  -0.0001118
  -0.0002292
  -0.0000153
   0.0000050
  -0.0000000
   0.0000000
  -0.0000032
   0.0000098
   0.0002373
   0.0004295
   0.0003505
   0.0003398
   0.0002011
   0.0001748
   0.0001474
   0.0001278
   0.0001339
   0.0000819
  -0.0000733
  -0.0001249
  -0.0001520
  -0.0000786
   0.0000523
  -0.0000005
   0.0000003
   0.0000000
   0.0000002
  -0.0000050
   0.0000080
   0.0001575
   0.0002292
   0.0002260
   0.0001525
   0.0001084
   0.0000943
   0.0000542
   0.0000670
   0.0000891
  -0.0000845
  -0.0001520
  -0.0001170
  -0.0000135
   0.0000094
   0.0000143
  -0.0000010
   0.0000000
   0.0000003
  -0.0000042
  -0.0000073
   0.0001210
   0.0001738
   0.0001487
   0.0000664
   0.0000591
   0.0000745
   0.0000207
   0.0000321
   0.0000669
  -0.0000588
  -0.0002336
  -0.0001932
  -0.0000382
   0.0000080
   0.0000081
  -0.0000007
   0.0000000
  -0.0000001
  -0.0000008
   0.0000202
   0.0000429
   0.0000277
   0.0000373
  -0.0000198
   0.0000069
   0.0000251
  -0.0000235
   0.0000029
   0.0000275
   0.0000040
  -0.0000410
  -0.0000995
  -0.0000229
   0.0000027
  -0.0000005
   0.0000000
   0.0000000
   0.0000000
  -0.0000004
   0.0000023
   0.0000024
   0.0000022
  -0.0000009
   0.0000030
   0.0000019
  -0.0000003
  -0.0000037
  -0.0000007
   0.0000019
  -0.0000328
  -0.0000006
   0.0000083
   0.0000021
  -0.0000003
   0.0000000
   0.0000000

Iteration     7 | Cost: 3.234531e-02